0 2 1
0 3 4
0 4 2
0 1 3
1 3 2
1 4 3
1 5 1
2 4 1
3 5 4
4 5 2
4 6 7
4 7 2
5 6 4
6 7 5
7 9 1
7 10 4
7 11 2
7 8 3
8 10 2
8 11 3
8 12 1
9 11 1
10 12 4
11 12 2
11 13 7
11 14 2
12 13 4
13 14 5
14 16 1
14 17 4
14 18 2
14 15 3
15 17 2
15 18 3
15 19 1
16 18 1
17 19 4
18 19 2
18 20 7
18 21 2
19 20 4
20 21 5
21 23 1
21 24 4
21 25 2
21 22 3
22 24 2
22 25 3
22 26 1
23 25 1
24 26 4
25 26 2
25 27 7
25 28 2
26 27 4
27 28 5
28 30 1
28 31 4
28 32 2
28 29 3
29 31 2
29 32 3
29 33 1
30 32 1
31 33 4
32 33 2
32 34 7
32 35 2
33 34 4
34 35 5
35 37 1
35 38 4
35 39 2
35 36 3
36 38 2
36 39 3
36 40 1
37 39 1
38 40 4
39 40 2
39 41 7
39 42 2
40 41 4
41 42 5
42 44 1
42 45 4
42 46 2
42 43 3
43 45 2
43 46 3
43 47 1
44 46 1
45 47 4
46 47 2
46 48 7
46 49 2
47 48 4
48 49 5
49 51 1
49 52 4
49 53 2
49 50 3
50 52 2
50 53 3
50 54 1
51 53 1
52 54 4
53 54 2
53 55 7
53 56 2
54 55 4
55 56 5
56 58 1
56 59 4
56 60 2
56 57 3
57 59 2
57 60 3
57 61 1
58 60 1
59 61 4
60 61 2
60 62 7
60 63 2
61 62 4
62 63 5
63 65 1
63 66 4
63 67 2
63 64 3
64 66 2
64 67 3
64 68 1
65 67 1
66 68 4
67 68 2
67 69 7
67 70 2
68 69 4
69 70 5
70 72 1
70 73 4
70 74 2
70 71 3
71 73 2
71 74 3
71 75 1
72 74 1
73 75 4
74 75 2
74 76 7
74 77 2
75 76 4
76 77 5
77 79 1
77 80 4
77 81 2
77 78 3
78 80 2
78 81 3
78 82 1
79 81 1
80 82 4
81 82 2
81 83 7
81 84 2
82 83 4
83 84 5
84 86 1
84 87 4
84 88 2
84 85 3
85 87 2
85 88 3
85 89 1
86 88 1
87 89 4
88 89 2
88 90 7
88 91 2
89 90 4
90 91 5
91 93 1
91 94 4
91 95 2
91 92 3
92 94 2
92 95 3
92 96 1
93 95 1
94 96 4
95 96 2
95 97 7
95 98 2
96 97 4
97 98 5
98 100 1
98 101 4
98 102 2
98 99 3
99 101 2
99 102 3
99 103 1
100 102 1
101 103 4
102 103 2
102 104 7
102 105 2
103 104 4
104 105 5
105 107 1
105 108 4
105 109 2
105 106 3
106 108 2
106 109 3
106 110 1
107 109 1
108 110 4
109 110 2
109 111 7
109 112 2
110 111 4
111 112 5
112 114 1
112 115 4
112 116 2
112 113 3
113 115 2
113 116 3
113 117 1
114 116 1
115 117 4
116 117 2
116 118 7
116 119 2
117 118 4
118 119 5
119 121 1
119 122 4
119 123 2
119 120 3
120 122 2
120 123 3
120 124 1
121 123 1
122 124 4
123 124 2
123 125 7
123 126 2
124 125 4
125 126 5
126 128 1
126 129 4
126 130 2
126 127 3
127 129 2
127 130 3
127 131 1
128 130 1
129 131 4
130 131 2
130 132 7
130 133 2
131 132 4
132 133 5
133 135 1
133 136 4
133 137 2
133 134 3
134 136 2
134 137 3
134 138 1
135 137 1
136 138 4
137 138 2
137 139 7
137 140 2
138 139 4
139 140 5
140 142 1
140 143 4
140 144 2
140 141 3
141 143 2
141 144 3
141 145 1
142 144 1
143 145 4
144 145 2
144 146 7
144 147 2
145 146 4
146 147 5
147 149 1
147 150 4
147 151 2
147 148 3
148 150 2
148 151 3
148 152 1
149 151 1
150 152 4
151 152 2
151 153 7
151 154 2
152 153 4
153 154 5
154 156 1
154 157 4
154 158 2
154 155 3
155 157 2
155 158 3
155 159 1
156 158 1
157 159 4
158 159 2
158 160 7
158 161 2
159 160 4
160 161 5
161 163 1
161 164 4
161 165 2
161 162 3
162 164 2
162 165 3
162 166 1
163 165 1
164 166 4
165 166 2
165 167 7
165 168 2
166 167 4
167 168 5
168 170 1
168 171 4
168 172 2
168 169 3
169 171 2
169 172 3
169 173 1
170 172 1
171 173 4
172 173 2
172 174 7
172 175 2
173 174 4
174 175 5
175 177 1
175 178 4
175 179 2
175 176 3
176 178 2
176 179 3
176 180 1
177 179 1
178 180 4
179 180 2
179 181 7
179 182 2
180 181 4
181 182 5
182 184 1
182 185 4
182 186 2
182 183 3
183 185 2
183 186 3
183 187 1
184 186 1
185 187 4
186 187 2
186 188 7
186 189 2
187 188 4
188 189 5
189 191 1
189 192 4
189 193 2
189 190 3
190 192 2
190 193 3
190 194 1
191 193 1
192 194 4
193 194 2
193 195 7
193 196 2
194 195 4
195 196 5
196 198 1
196 199 4
196 200 2
196 197 3
197 199 2
197 200 3
197 201 1
198 200 1
199 201 4
200 201 2
200 202 7
200 203 2
201 202 4
202 203 5
203 205 1
203 206 4
203 207 2
203 204 3
204 206 2
204 207 3
204 208 1
205 207 1
206 208 4
207 208 2
207 209 7
207 210 2
208 209 4
209 210 5
210 212 1
210 213 4
210 214 2
210 211 3
211 213 2
211 214 3
211 215 1
212 214 1
213 215 4
214 215 2
214 216 7
214 217 2
215 216 4
216 217 5
217 219 1
217 220 4
217 221 2
217 218 3
218 220 2
218 221 3
218 222 1
219 221 1
220 222 4
221 222 2
221 223 7
221 224 2
222 223 4
223 224 5
224 226 1
224 227 4
224 228 2
224 225 3
225 227 2
225 228 3
225 229 1
226 228 1
227 229 4
228 229 2
228 230 7
228 231 2
229 230 4
230 231 5
231 233 1
231 234 4
231 235 2
231 232 3
232 234 2
232 235 3
232 236 1
233 235 1
234 236 4
235 236 2
235 237 7
235 238 2
236 237 4
237 238 5
238 240 1
238 241 4
238 242 2
238 239 3
239 241 2
239 242 3
239 243 1
240 242 1
241 243 4
242 243 2
242 244 7
242 245 2
243 244 4
244 245 5
245 247 1
245 248 4
245 249 2
245 246 3
246 248 2
246 249 3
246 250 1
247 249 1
248 250 4
249 250 2
249 251 7
249 252 2
250 251 4
251 252 5
252 254 1
252 255 4
252 256 2
252 253 3
253 255 2
253 256 3
253 257 1
254 256 1
255 257 4
256 257 2
256 258 7
256 259 2
257 258 4
258 259 5
259 261 1
259 262 4
259 263 2
259 260 3
260 262 2
260 263 3
260 264 1
261 263 1
262 264 4
263 264 2
263 265 7
263 266 2
264 265 4
265 266 5
266 268 1
266 269 4
266 270 2
266 267 3
267 269 2
267 270 3
267 271 1
268 270 1
269 271 4
270 271 2
270 272 7
270 273 2
271 272 4
272 273 5
273 275 1
273 276 4
273 277 2
273 274 3
274 276 2
274 277 3
274 278 1
275 277 1
276 278 4
277 278 2
277 279 7
277 280 2
278 279 4
279 280 5
280 282 1
280 283 4
280 284 2
280 281 3
281 283 2
281 284 3
281 285 1
282 284 1
283 285 4
284 285 2
284 286 7
284 287 2
285 286 4
286 287 5
287 289 1
287 290 4
287 291 2
287 288 3
288 290 2
288 291 3
288 292 1
289 291 1
290 292 4
291 292 2
291 293 7
291 294 2
292 293 4
293 294 5
294 296 1
294 297 4
294 298 2
294 295 3
295 297 2
295 298 3
295 299 1
296 298 1
297 299 4
298 299 2
298 300 7
298 301 2
299 300 4
300 301 5
301 303 1
301 304 4
301 305 2
301 302 3
302 304 2
302 305 3
302 306 1
303 305 1
304 306 4
305 306 2
305 307 7
305 308 2
306 307 4
307 308 5
308 310 1
308 311 4
308 312 2
308 309 3
309 311 2
309 312 3
309 313 1
310 312 1
311 313 4
312 313 2
312 314 7
312 315 2
313 314 4
314 315 5
315 317 1
315 318 4
315 319 2
315 316 3
316 318 2
316 319 3
316 320 1
317 319 1
318 320 4
319 320 2
319 321 7
319 322 2
320 321 4
321 322 5
322 324 1
322 325 4
322 326 2
322 323 3
323 325 2
323 326 3
323 327 1
324 326 1
325 327 4
326 327 2
326 328 7
326 329 2
327 328 4
328 329 5
329 331 1
329 332 4
329 333 2
329 330 3
330 332 2
330 333 3
330 334 1
331 333 1
332 334 4
333 334 2
333 335 7
333 336 2
334 335 4
335 336 5
336 338 1
336 339 4
336 340 2
336 337 3
337 339 2
337 340 3
337 341 1
338 340 1
339 341 4
340 341 2
340 342 7
340 343 2
341 342 4
342 343 5
343 345 1
343 346 4
343 347 2
343 344 3
344 346 2
344 347 3
344 348 1
345 347 1
346 348 4
347 348 2
347 349 7
347 350 2
348 349 4
349 350 5
350 352 1
350 353 4
350 354 2
350 351 3
351 353 2
351 354 3
351 355 1
352 354 1
353 355 4
354 355 2
354 356 7
354 357 2
355 356 4
356 357 5
357 359 1
357 360 4
357 361 2
357 358 3
358 360 2
358 361 3
358 362 1
359 361 1
360 362 4
361 362 2
361 363 7
361 364 2
362 363 4
363 364 5
364 366 1
364 367 4
364 368 2
364 365 3
365 367 2
365 368 3
365 369 1
366 368 1
367 369 4
368 369 2
368 370 7
368 371 2
369 370 4
370 371 5
371 373 1
371 374 4
371 375 2
371 372 3
372 374 2
372 375 3
372 376 1
373 375 1
374 376 4
375 376 2
375 377 7
375 378 2
376 377 4
377 378 5
378 380 1
378 381 4
378 382 2
378 379 3
379 381 2
379 382 3
379 383 1
380 382 1
381 383 4
382 383 2
382 384 7
382 385 2
383 384 4
384 385 5
385 387 1
385 388 4
385 389 2
385 386 3
386 388 2
386 389 3
386 390 1
387 389 1
388 390 4
389 390 2
389 391 7
389 392 2
390 391 4
391 392 5
392 394 1
392 395 4
392 396 2
392 393 3
393 395 2
393 396 3
393 397 1
394 396 1
395 397 4
396 397 2
396 398 7
396 399 2
397 398 4
398 399 5
399 401 1
399 402 4
399 403 2
399 400 3
400 402 2
400 403 3
400 404 1
401 403 1
402 404 4
403 404 2
403 405 7
403 406 2
404 405 4
405 406 5
406 408 1
406 409 4
406 410 2
406 407 3
407 409 2
407 410 3
407 411 1
408 410 1
409 411 4
410 411 2
410 412 7
410 413 2
411 412 4
412 413 5
413 415 1
413 416 4
413 417 2
413 414 3
414 416 2
414 417 3
414 418 1
415 417 1
416 418 4
417 418 2
417 419 7
417 420 2
418 419 4
419 420 5
420 422 1
420 423 4
420 424 2
420 421 3
421 423 2
421 424 3
421 425 1
422 424 1
423 425 4
424 425 2
424 426 7
424 427 2
425 426 4
426 427 5
427 429 1
427 430 4
427 431 2
427 428 3
428 430 2
428 431 3
428 432 1
429 431 1
430 432 4
431 432 2
431 433 7
431 434 2
432 433 4
433 434 5
434 436 1
434 437 4
434 438 2
434 435 3
435 437 2
435 438 3
435 439 1
436 438 1
437 439 4
438 439 2
438 440 7
438 441 2
439 440 4
440 441 5
441 443 1
441 444 4
441 445 2
441 442 3
442 444 2
442 445 3
442 446 1
443 445 1
444 446 4
445 446 2
445 447 7
445 448 2
446 447 4
447 448 5
448 450 1
448 451 4
448 452 2
448 449 3
449 451 2
449 452 3
449 453 1
450 452 1
451 453 4
452 453 2
452 454 7
452 455 2
453 454 4
454 455 5
455 457 1
455 458 4
455 459 2
455 456 3
456 458 2
456 459 3
456 460 1
457 459 1
458 460 4
459 460 2
459 461 7
459 462 2
460 461 4
461 462 5
462 464 1
462 465 4
462 466 2
462 463 3
463 465 2
463 466 3
463 467 1
464 466 1
465 467 4
466 467 2
466 468 7
466 469 2
467 468 4
468 469 5
469 471 1
469 472 4
469 473 2
469 470 3
470 472 2
470 473 3
470 474 1
471 473 1
472 474 4
473 474 2
473 475 7
473 476 2
474 475 4
475 476 5
476 478 1
476 479 4
476 480 2
476 477 3
477 479 2
477 480 3
477 481 1
478 480 1
479 481 4
480 481 2
480 482 7
480 483 2
481 482 4
482 483 5
483 485 1
483 486 4
483 487 2
483 484 3
484 486 2
484 487 3
484 488 1
485 487 1
486 488 4
487 488 2
487 489 7
487 490 2
488 489 4
489 490 5
490 492 1
490 493 4
490 494 2
490 491 3
491 493 2
491 494 3
491 495 1
492 494 1
493 495 4
494 495 2
494 496 7
494 497 2
495 496 4
496 497 5
497 499 1
497 500 4
497 501 2
497 498 3
498 500 2
498 501 3
498 502 1
499 501 1
500 502 4
501 502 2
501 503 7
501 504 2
502 503 4
503 504 5
504 506 1
504 507 4
504 508 2
504 505 3
505 507 2
505 508 3
505 509 1
506 508 1
507 509 4
508 509 2
508 510 7
508 511 2
509 510 4
510 511 5
511 513 1
511 514 4
511 515 2
511 512 3
512 514 2
512 515 3
512 516 1
513 515 1
514 516 4
515 516 2
515 517 7
515 518 2
516 517 4
517 518 5
518 520 1
518 521 4
518 522 2
518 519 3
519 521 2
519 522 3
519 523 1
520 522 1
521 523 4
522 523 2
522 524 7
522 525 2
523 524 4
524 525 5
525 527 1
525 528 4
525 529 2
525 526 3
526 528 2
526 529 3
526 530 1
527 529 1
528 530 4
529 530 2
529 531 7
529 532 2
530 531 4
531 532 5
532 534 1
532 535 4
532 536 2
532 533 3
533 535 2
533 536 3
533 537 1
534 536 1
535 537 4
536 537 2
536 538 7
536 539 2
537 538 4
538 539 5
539 541 1
539 542 4
539 543 2
539 540 3
540 542 2
540 543 3
540 544 1
541 543 1
542 544 4
543 544 2
543 545 7
543 546 2
544 545 4
545 546 5
546 548 1
546 549 4
546 550 2
546 547 3
547 549 2
547 550 3
547 551 1
548 550 1
549 551 4
550 551 2
550 552 7
550 553 2
551 552 4
552 553 5
553 555 1
553 556 4
553 557 2
553 554 3
554 556 2
554 557 3
554 558 1
555 557 1
556 558 4
557 558 2
557 559 7
557 560 2
558 559 4
559 560 5
560 562 1
560 563 4
560 564 2
560 561 3
561 563 2
561 564 3
561 565 1
562 564 1
563 565 4
564 565 2
564 566 7
564 567 2
565 566 4
566 567 5
567 569 1
567 570 4
567 571 2
567 568 3
568 570 2
568 571 3
568 572 1
569 571 1
570 572 4
571 572 2
571 573 7
571 574 2
572 573 4
573 574 5
574 576 1
574 577 4
574 578 2
574 575 3
575 577 2
575 578 3
575 579 1
576 578 1
577 579 4
578 579 2
578 580 7
578 581 2
579 580 4
580 581 5
581 583 1
581 584 4
581 585 2
581 582 3
582 584 2
582 585 3
582 586 1
583 585 1
584 586 4
585 586 2
585 587 7
585 588 2
586 587 4
587 588 5
588 590 1
588 591 4
588 592 2
588 589 3
589 591 2
589 592 3
589 593 1
590 592 1
591 593 4
592 593 2
592 594 7
592 595 2
593 594 4
594 595 5
595 597 1
595 598 4
595 599 2
595 596 3
596 598 2
596 599 3
596 600 1
597 599 1
598 600 4
599 600 2
599 601 7
599 602 2
600 601 4
601 602 5
602 604 1
602 605 4
602 606 2
602 603 3
603 605 2
603 606 3
603 607 1
604 606 1
605 607 4
606 607 2
606 608 7
606 609 2
607 608 4
608 609 5
609 611 1
609 612 4
609 613 2
609 610 3
610 612 2
610 613 3
610 614 1
611 613 1
612 614 4
613 614 2
613 615 7
613 616 2
614 615 4
615 616 5
616 618 1
616 619 4
616 620 2
616 617 3
617 619 2
617 620 3
617 621 1
618 620 1
619 621 4
620 621 2
620 622 7
620 623 2
621 622 4
622 623 5
623 625 1
623 626 4
623 627 2
623 624 3
624 626 2
624 627 3
624 628 1
625 627 1
626 628 4
627 628 2
627 629 7
627 630 2
628 629 4
629 630 5
630 632 1
630 633 4
630 634 2
630 631 3
631 633 2
631 634 3
631 635 1
632 634 1
633 635 4
634 635 2
634 636 7
634 637 2
635 636 4
636 637 5
